A
1100 Generated by WorldEditor 2.2.0r2

1     35 1 0 OTBD [X] Doha Intl
1302 city Doha
1302 country Qatar
1302 datum_lat 25.261058333
1302 datum_lon 51.565094444
1302 faa_code 
1302 gui_label 3D
1302 iata_code DOH
1302 icao_code OTBD
1302 region_code OT
1302 state Ad Dawhah Municipality
1302 transition_alt 13000
1302 transition_level 15000
100 46.02 1 1 0.25 1 3 0 15  25.28026223  051.55667623  750   30 2 1 0 0 33  25.24192922  051.57362323    0  140 3 2 0 0
102 H1  25.27376384  051.56138863 337.39 22.20 22.30 4 0 0 0.00 1
110 4 0.00 268.0000 dirt
111  25.26367641  051.56266242
111  25.26381245  051.56307608
111  25.26681211  051.56175235
113  25.26662845  051.56136877
110 4 0.00 268.0000 dirt
111  25.26742477  051.56099343
111  25.26737010  051.56149823
111  25.27249387  051.55924014
113  25.27216322  051.55892151
110 4 0.00 268.0000 dirt
111  25.27876469  051.55600215
111  25.27860488  051.55558363
111  25.27654797  051.55649530
111  25.27668673  051.55688343
111  25.27359843  051.55829334
111  25.27389366  051.55860675
111  25.27981008  051.55600231
113  25.27966444  051.55560182
110 1 0.00 268.0000 New Taxiway 23
111  25.25947949  051.56611115 51 102
112  25.25965497  051.56632734  25.25978490  051.56642384 51 102
112  25.26007666  051.56627731  25.26014524  051.56620259 51 102
113  25.26054272  051.56564094
110 2 0.00 268.0000 New Taxiway 22
111  25.25182552  051.56646431
111  25.25394735  051.56551601
111  25.25356756  051.56467928
113  25.25152709  051.56558702
110 1 0.00 120.0000 Helipad_Ramp_NE
111  25.27338426  051.55994489
111  25.27382863  051.56117458
111  25.27360275  051.56128087
111  25.27371760  051.56157277
111  25.27393100  051.56146977
111  25.27422098  051.56224049
111  25.27454448  051.56210214
111  25.27428009  051.56129362
111  25.27419682  051.56104409
113  25.27375088  051.55977389
110 1 0.00 120.0000 Helipad_Ramp_NE
111  25.27427774  051.56128929
111  25.28036166  051.55861020
111  25.28027527  051.55836862
113  25.27419682  051.56104409
110 1 0.00 120.0000 Helipad_Ramp_NE
111  25.27478908  051.56106551
111  25.27508423  051.56187198
111  25.27526436  051.56178705
113  25.27496495  051.56098335
110 1 0.00 120.0000 Helipad_Ramp_NE
111  25.27489385  051.56074343
111  25.27441330  051.55949044
111  25.27422147  051.55955232
113  25.27469256  051.56083521
110 1 0.00 120.0000 Helipad_Ramp_NE
111  25.27660008  051.56026516
111  25.27686476  051.56097599
111  25.27702637  051.56090170
113  25.27676459  051.56019008
110 1 0.00 120.0000 Helipad_Ramp_NE
111  25.27667881  051.55995180
111  25.27626808  051.55880777
111  25.27606772  051.55889436
113  25.27650861  051.56002798
110 1 0.00 268.0000 New Taxiway 4
111  25.27100022  051.56100305
111  25.27180076  051.56317684
111  25.27194043  051.56311678
113  25.27111661  051.56095586
110 1 0.00 268.0000 New Taxiway 3
111  25.27162310  051.56325764
111  25.27197227  051.56410282
111  25.27234846  051.56392873
111  25.27240865  051.56409758
111  25.27278843  051.56390865
113  25.27238740  051.56290155
110 2 0.00 268.0000 New Taxiway 2
111  25.27627817  051.56121915
111  25.27622321  051.56155524
111  25.27662734  051.56263500
111  25.27792381  051.56193065
113  25.27746148  051.56069715
110 2 0.00 66.3200 New Taxiway 10
111  25.26300420  051.57418431 91 106
111  25.26258021  051.57436512 91 106
111  25.26251185  051.57417587 91 106
111  25.26166072  051.57455817 91 106
111  25.26188574  051.57521024 91 106
111  25.26275092  051.57485418 91 106
111  25.26267333  051.57463110 91 106
113  25.26309709  051.57444051
110 2 0.00 268.0000 New Taxiway 1
111  25.27353122  051.56254379
111  25.27391919  051.56360207
111  25.27465037  051.56330459
111  25.27470066  051.56345773
111  25.27519973  051.56324693
111  25.27526527  051.56341480
111  25.27574890  051.56321626
111  25.27562988  051.56283511
111  25.27606571  051.56263972
113  25.27567774  051.56158143
110 2 0.00 268.0000 New Taxiway 5
111  25.25993040  051.57158366
111  25.25886891  051.57207166
111  25.25907004  051.57269556
113  25.26014828  051.57223227
110 1 0.00 120.0000 East_Taxiway_Ramp
111  25.26710067  051.56274079 51 102
112  25.26736453  051.56290752  25.26748770  051.56305293
111  25.26736453  051.56290752
112  25.26736453  051.56290752  25.26748023  051.56302947 51 102
112  25.26764969  051.56343236  25.26770586  051.56358683
111  25.26764969  051.56343236
112  25.26764969  051.56343236  25.26776991  051.56376297 51 102
111  25.26783452  051.56412034 51 102
112  25.26771064  051.56470468  25.26748355  051.56489030
111  25.26771064  051.56470468
112  25.26771064  051.56470468  25.26757444  051.56478524 51 102
112  25.26681297  051.56517834  25.26642506  051.56533906
111  25.26681297  051.56517834
112  25.26681297  051.56517834  25.26656008  051.56528735 51 102
112  25.26623212  051.56535565  25.26610049  051.56536421 51 102
111  25.26384445  051.56512187 51 102
112  25.26331680  051.56498495  25.26326098  051.56496535
111  25.26331680  051.56498495
112  25.26331680  051.56498495  25.26298689  051.56480039 51 102
112  25.26315932  051.56448502  25.26314832  051.56447458
111  25.26315932  051.56448502
112  25.26315932  051.56448502  25.26302479  051.56442552
111  25.26128240  051.56531467 51 102
112  25.26238927  051.56534702  25.26246999  051.56546602 51 102
112  25.26255309  051.56614738  25.26245892  051.56640027
111  25.26255309  051.56614738
112  25.26255309  051.56614738  25.26248419  051.56631217 51 102
111  25.26151864  051.56678811 51 102
111  25.25727375  051.56866792 51 102
111  25.25320129  051.57046914 51 102
111  25.25240960  051.57071908 51 102
112  25.25184501  051.57028519  25.25162977  051.56972113 51 102
111  25.25182686  051.56948998
111  25.25118979  051.56977564 51 102
112  25.25154625  051.57034187  25.25176536  051.57081873
111  25.25154625  051.57034187
112  25.25154625  051.57034187  25.25184960  051.57100821 51 102
111  25.25177261  051.57113329
111  25.25203388  051.57195890
111  25.25254860  051.57173470 51 102
112  25.25244660  051.57122314  25.25252780  051.57105414 51 102
111  25.25326952  051.57070358 51 102
111  25.25705340  051.56902934 51 102
111  25.25767740  051.56882458 51 102
112  25.25808077  051.56875939  25.25823588  051.56876132 51 102
112  25.25855967  051.56948273  25.25870785  051.56984270 51 102
111  25.25880972  051.57024350 51 102
111  25.25854691  051.57034911 51 102
111  25.25885912  051.57122358 51 102
111  25.25886018  051.57207842
112  25.25902844  051.57200068  25.25892397  051.57199206 51 102
111  25.25890996  051.57184589 51 102
111  25.25892364  051.57119945 51 102
111  25.25957688  051.57091223 51 102
111  25.25983766  051.57163490
111  25.25990839  051.57159749 51 102
111  25.25931573  051.56999143 51 102
111  25.25906824  051.57011318 51 102
112  25.25877378  051.56938506  25.25864131  051.56898785 51 102
112  25.25867756  051.56851002  25.25872461  051.56839053 51 102
111  25.25900497  051.56822826 51 102
111  25.26168735  051.56697939 51 102
112  25.26269380  051.56670465  25.26291030  051.56675543 51 102
111  25.26295799  051.56696529 51 102
111  25.26184664  051.56743980 51 102
111  25.26363467  051.57228649 51 102
111  25.26248930  051.57279746 51 102
111  25.26299416  051.57418986
111  25.26308705  051.57444606 51 102
111  25.26382059  051.57646917 51 102
111  25.26643181  051.57528728 51 102
111  25.26568865  051.57322247 51 102
111  25.26810134  051.57216902 51 102
111  25.26917654  051.57165278 51 102
111  25.26821698  051.56887483 51 102
112  25.26814097  051.56835971  25.26819239  051.56820565 51 102
111  25.26840315  051.56804603 51 102
111  25.27211196  051.56637187 51 102
111  25.27099958  051.56332647 51 102
111  25.26870198  051.56430002 51 102
112  25.26790950  051.56343436  25.26758914  051.56244971
111  25.26790950  051.56343436
112  25.26790950  051.56343436  25.26760005  051.56252705 51 102
113  25.26786030  051.56240231
111  25.26319161  051.56642959 51 102
111  25.26274463  051.56531720 51 102
112  25.26380018  051.56540071  25.26412441  051.56544352 51 102
112  25.26476475  051.56576979  25.26491170  051.56607267
111  25.26476475  051.56576979
112  25.26476475  051.56576979  25.26478631  051.56590981 51 102
112  25.26409269  051.56634266  25.26364574  051.56655888
111  25.26409269  051.56634266
114  25.26409269  051.56634266  25.26332809  051.56669092 51 102
111  25.26658871  051.56582389
111  25.26367443  051.56714272
112  25.26368024  051.56702548  25.26383794  051.56684057
111  25.26452231  051.56654797
114  25.26610124  051.56588314  25.26660377  051.56572347
110 2 0.00 120.0000 East_Taxiway_Ramp
111  25.25178265  051.57112774
111  25.24848382  051.57247110
111  25.24812517  051.57149224
112  25.24869055  051.57089253  25.24937473  051.57048819
111  25.24732287  051.57145378
112  25.24774681  051.57158885  25.24782820  051.57173282
111  25.24813592  051.57265408
111  25.24664065  051.57331398
112  25.24632755  051.57318163  25.24631672  051.57300087
111  25.24642803  051.57280583
111  25.24703824  051.57160740
111  25.24563065  051.57221874
111  25.24597874  051.57321526
111  25.24620823  051.57388321
111  25.24592300  051.57400685
111  25.24619626  051.57478218
111  25.24805822  051.57394780
111  25.24854168  051.57522899
111  25.24925191  051.57489068
111  25.24886233  051.57381303
111  25.24914179  051.57367894
111  25.24987075  051.57555306
111  25.25198063  051.57464834
111  25.25161091  051.57368040
111  25.25276240  051.57321952
111  25.25299180  051.57363368
111  25.25377504  051.57328649
111  25.25315793  051.57147251
113  25.25204392  051.57195335
111  25.24660001  051.57194973
111  25.24620472  051.57283129
113  25.24599528  051.57220844
110 1 0.20 120.0000 West_Taxiway_Ramp
112  25.27377977  051.55929639  25.27371448  051.55930814 51 102
112  25.27327359  051.55874339  25.27303856  051.55815698
111  25.27327359  051.55874339
112  25.27327359  051.55874339  25.27304544  051.55802006 51 102
111  25.27341513  051.55788156 51 102
111  25.27430829  051.55746093 51 102
111  25.27423458  051.55725901 51 102
111  25.27387444  051.55739484 51 102
112  25.27364043  051.55731337  25.27351189  051.55720638
111  25.27364043  051.55731337
112  25.27364043  051.55731337  25.27353539  051.55723084 51 102
111  25.27347499  051.55704394 51 102
111  25.27331985  051.55656678 51 102
111  25.27295000  051.55603388 51 102
111  25.26936998  051.55759888 51 102
111  25.26918399  051.55799970 51 102
111  25.26948322  051.55889169 51 102
111  25.26633985  051.56029560 51 102
111  25.26536942  051.55760953 51 102
111  25.26499662  051.55743290 51 102
111  25.26399674  051.55788789 51 102
111  25.26423703  051.55857590 51 102
111  25.26282081  051.55917927 51 102
111  25.26328085  051.56050547 51 102
111  25.25895676  051.56239965 51 102
111  25.25932991  051.56336611 51 102
112  25.25937979  051.56365796  25.25936307  051.56381113 51 102
111  25.25922465  051.56386904 51 102
111  25.25786743  051.56447165
111  25.25748750  051.56463574 51 102
111  25.24227570  051.57135359 51 102
112  25.24154595  051.57252477  25.24163529  051.57321707 51 102
111  25.24182407  051.57342245
111  25.24230764  051.57320997 51 102
112  25.24184253  051.57253751  25.24175215  051.57183951 51 102
112  25.24274777  051.57140346  25.24305684  051.57122799 51 102
111  25.24486587  051.57047464 51 102
112  25.24509949  051.57060348  25.24521043  051.57075224
111  25.24509949  051.57060348
112  25.24509949  051.57060348  25.24517222  051.57073503 51 102
111  25.24540579  051.57140835 51 102
112  25.24548895  051.57172414  25.24548549  051.57179855 51 102
111  25.24539005  051.57184753
111  25.24596798  051.57159358 51 102
112  25.24555894  051.57108748  25.24541862  051.57071400 51 102
112  25.24561055  051.57019815  25.24587900  051.57002959
111  25.24561055  051.57019815
112  25.24561055  051.57019815  25.24570876  051.57013649 51 102
111  25.24609489  051.56993590 51 102
111  25.24686395  051.56963945 51 102
112  25.24724174  051.57014655  25.24746130  051.57071976
111  25.24724174  051.57014655
112  25.24724174  051.57014655  25.24755062  051.57088686 51 102
111  25.24731533  051.57099627
111  25.24797396  051.57070455 51 102
112  25.24751330  051.57014300  25.24727877  051.56948686
111  25.24751330  051.57014300
112  25.24751330  051.57014300  25.24726963  051.56944643 51 102
112  25.24746761  051.56937446  25.24756375  051.56927412
111  25.24746761  051.56937446
112  25.24746761  051.56937446  25.24765019  051.56922413 51 102
111  25.24988643  051.56823817 51 102
112  25.25068625  051.56812313  25.25082717  051.56828183 51 102
111  25.25095212  051.56863360 51 102
112  25.25102924  051.56932298  25.25092535  051.56944044
111  25.25102924  051.56932298
112  25.25102924  051.56932298  25.25101013  051.56935289 51 102
111  25.25096050  051.56938404
111  25.25162042  051.56909507 51 102
112  25.25121199  051.56855515  25.25094767  051.56795918
111  25.25121199  051.56855515
112  25.25121199  051.56855515  25.25107122  051.56812805 51 102
112  25.25116022  051.56775634  25.25135260  051.56760909
111  25.25116022  051.56775634
112  25.25116022  051.56775634  25.25118471  051.56773760 51 102
111  25.25169563  051.56744863 51 102
111  25.26238489  051.56273073 51 102
112  25.26258848  051.56333605  25.26212273  051.56397495
111  25.26258848  051.56333605
112  25.26258848  051.56333605  25.26217407  051.56390602 51 102
112  25.26114300  051.56480205  25.26090165  051.56497145 51 102
111  25.26072850  051.56506617
111  25.26283395  051.56413728 51 102
112  25.26257409  051.56372248  25.26261833  051.56328185
111  25.26257409  051.56372248
112  25.26257409  051.56372248  25.26282501  051.56322830 51 102
112  25.26392798  051.56223874  25.26440015  051.56184236
111  25.26392798  051.56223874
112  25.26392798  051.56223874  25.26415161  051.56205101 51 102
112  25.26486355  051.56164894  25.26522383  051.56147076
111  25.26486355  051.56164894
112  25.26486355  051.56164894  25.26555739  051.56130580 51 102
111  25.26629505  051.56105972 51 102
112  25.26694327  051.56153336  25.26713987  051.56216108
111  25.26694327  051.56153336
112  25.26694327  051.56153336  25.26711695  051.56208843 51 102
112  25.26692341  051.56232790  25.26676892  051.56244978
111  25.26692341  051.56232790
112  25.26692341  051.56232790  25.26692592  051.56232663
111  25.26771184  051.56197971 51 102
112  25.26722001  051.56144220  25.26700471  051.56078305
111  25.26722001  051.56144220
112  25.26722001  051.56144220  25.26714439  051.56119922 51 102
112  25.26718800  051.56077919  25.26732660  051.56059261
111  25.26718800  051.56077919
112  25.26718800  051.56077919  25.26735982  051.56053785 51 102
111  25.26806070  051.56021996 51 102
111  25.27164042  051.55865602 51 102
112  25.27251349  051.55852058  25.27286859  051.55861411
111  25.27251349  051.55852058
112  25.27251349  051.55852058  25.27287289  051.55861055 51 102
112  25.27299060  051.55964458  25.27257929  051.56004614
111  25.27299060  051.55964458
114  25.27299060  051.55964458  25.27298835  051.55968418
110 2 0.00 120.0000 RWY16 turn around
111  25.28018025  051.55647808
112  25.27940993  051.55626331  25.27909858  051.55652365
114  25.27895499  051.55703288  25.27896901  051.55700696
110 2 0.00 268.0000 New Taxiway 44
111  25.25786743  051.56447165
111  25.25753336  051.56355079
111  25.25715937  051.56371189
113  25.25748750  051.56463574
110 1 0.80 268.0000 shoulder4
111  25.26268027  051.56523963
111  25.26325079  051.56665504
111  25.26393636  051.56648541
111  25.26640540  051.56537747
111  25.26875170  051.56437236
111  25.26893753  051.56421418
112  25.26842888  051.56412044  25.26830750  051.56401604
112  25.26799730  051.56343866  25.26774644  051.56286470
111  25.26799730  051.56343866
112  25.26799730  051.56343866  25.26770251  051.56273431
111  25.26795684  051.56234357
111  25.26690061  051.56279504
112  25.26741746  051.56314974  25.26762061  051.56352214
112  25.26776539  051.56420202  25.26781476  051.56446794
111  25.26764090  051.56461981
112  25.26695344  051.56499601  25.26637735  051.56527511
111  25.26609850  051.56524987
111  25.26383353  051.56502134
112  25.26322735  051.56479117  25.26316446  051.56462990
111  25.26325414  051.56440451
113  25.26287126  051.56450759
112  25.26290972  051.56544440  25.26292443  051.56537634
112  25.26403775  051.56552837  25.26435450  051.56559228
112  25.26464827  051.56579786  25.26466233  051.56597618
112  25.26393164  051.56631107  25.26376979  051.56638009
114  25.26329442  051.56636280  25.26316330  051.56627403
110 1 0.80 268.0000 shoulder 3
111  25.25108217  051.56981675
112  25.25148316  051.57039211  25.25171629  051.57087780
111  25.25168178  051.57120149
111  25.25253976  051.57176192
111  25.25263802  051.57171932
112  25.25253398  051.57130392  25.25258600  051.57118675
112  25.25334320  051.57077775  25.25361787  051.57065811
111  25.25708754  051.56912192
112  25.25805641  051.56886260  25.25821215  051.56892296
112  25.25842976  051.56941248  25.25857105  051.56973914
111  25.25877648  051.57029230
111  25.25913693  051.57010667
112  25.25888362  051.56945070  25.25877926  051.56917848
112  25.25874003  051.56857920  25.25878151  051.56844901
111  25.25905124  051.56829994
111  25.26173596  051.56706085
112  25.26273267  051.56680747  25.26285791  051.56686286
111  25.26290531  051.56704821
111  25.26308485  051.56698675
111  25.26241766  051.56521085
111  25.26124629  051.56528511
111  25.26128625  051.56542868
112  25.26228838  051.56539555  25.26234412  051.56542391
112  25.26246486  051.56577351  25.26249720  051.56594365
112  25.26245014  051.56614221  25.26238815  051.56625036
112  25.26151264  051.56669507  25.26133924  051.56678384
112  25.25318597  051.57036893  25.25309606  051.57040088
112  25.25227131  051.57063620  25.25221521  051.57061866
112  25.25192295  051.57022896  25.25175012  051.56983324
111  25.25192295  051.57022896
112  25.25192295  051.57022896  25.25168434  051.56966435
111  25.25196078  051.56941921
113  25.25097197  051.56984622
110 1 0.80 268.0000 shoulder 2
111  25.25938981  051.56623608
112  25.25964855  051.56650174  25.25988089  051.56659224
111  25.26013434  051.56640832
113  25.26067822  051.56568142
110 1 0.80 268.0000 Shoulder1
111  25.26628388  051.56117344
112  25.26685834  051.56155005  25.26705666  051.56209235
111  25.26685834  051.56155005
112  25.26685834  051.56155005  25.26708824  051.56209217
111  25.26688963  051.56235933
111  25.26776623  051.56196123
112  25.26733335  051.56147981  25.26717743  051.56105150
111  25.26733335  051.56147981
112  25.26733335  051.56147981  25.26730615  051.56136875
112  25.26723705  051.56099238  25.26725518  051.56085482
111  25.26723705  051.56099238
112  25.26723705  051.56099238  25.26726859  051.56075312
111  25.26759801  051.56056892
111  25.27192288  051.55870539
112  25.27282539  051.55885324  25.27322669  051.55924738
111  25.27290759  051.55969405
111  25.27391030  051.55925694
112  25.27336643  051.55865571  25.27321022  051.55809125
111  25.27345998  051.55796815
111  25.27442203  051.55751575
111  25.27427921  051.55712513
112  25.27370927  051.55724479  25.27355159  051.55717180
111  25.27370927  051.55724479
112  25.27370927  051.55724479  25.27359376  051.55717383
111  25.27331985  051.55656678
111  25.27350334  051.55746607
111  25.26668070  051.56029639
111  25.26495455  051.56118735
111  25.25942647  051.56342428
111  25.25895676  051.56239965
111  25.25895676  051.56239965
111  25.25924524  051.56347462
112  25.25925865  051.56363273  25.25924948  051.56370976
111  25.25915240  051.56377461
111  25.24210313  051.57122933
112  25.24140635  051.57239730  25.24144436  051.57309082
111  25.24166042  051.57349863
111  25.24241255  051.57317021
112  25.24201635  051.57224518  25.24219883  051.57161891
111  25.24201635  051.57224518
112  25.24201635  051.57224518  25.24207195  051.57191105
111  25.24276938  051.57158572
111  25.24484814  051.57063183
112  25.24501412  051.57068734  25.24509296  051.57077247
112  25.24537740  051.57163128  25.24542477  051.57182047
111  25.24539829  051.57186529
111  25.24615581  051.57154877
112  25.24567976  051.57095962  25.24550551  051.57047273
112  25.24567752  051.57036642  25.24572504  051.57027535
111  25.24614321  051.57005482
112  25.24689636  051.56978307  25.24690792  051.56978926
112  25.24720496  051.57028422  25.24741723  051.57080263
111  25.24726747  051.57104794
111  25.24798071  051.57070927
112  25.24760377  051.57008930  25.24741896  051.56952010
112  25.24749737  051.56950550  25.24753478  051.56942279
111  25.24800516  051.56922460
111  25.24988193  051.56840896
112  25.25057186  051.56821056  25.25065620  051.56825516
112  25.25083791  051.56870718  25.25099559  051.56914099
111  25.25095330  051.56942025
111  25.25173149  051.56907370
112  25.25131011  051.56849844  25.25110734  051.56795549
111  25.25122396  051.56788779
111  25.25177885  051.56755411
111  25.26213598  051.56298183
112  25.26263074  051.56296006  25.26268596  051.56317504
111  25.26263074  051.56296006
112  25.26263074  051.56296006  25.26268460  051.56310369
112  25.26151589  051.56428668  25.26117706  051.56457862
111  25.26022110  051.56531984
111  25.26294556  051.56410814
112  25.26357357  051.56267808  25.26502799  051.56134697
111  25.26357357  051.56267808
112  25.26357357  051.56267808  25.26440998  051.56194240
113  25.26512382  051.56166920
130 Airport Boundary 35
111  25.26657008  051.55812690
111  25.26617781  051.55789509
111  25.26575328  051.55801604
111  25.26585746  051.55771934
111  25.26541989  051.55754952
111  25.26496777  051.55733519
111  25.26415749  051.55718749
111  25.26346829  051.55693458
111  25.26072631  051.55976007
111  25.25825824  051.56166845
111  25.25552050  051.56328642
111  25.23171386  051.57613033
111  25.23539593  051.58314568
111  25.24600926  051.57847597
111  25.25837932  051.57434598
111  25.26036489  051.58079029
111  25.26277486  051.58026540
111  25.26483667  051.57930303
111  25.26844039  051.57785527
111  25.27078666  051.57554574
111  25.27380597  051.57268703
111  25.27767658  051.57145115
111  25.27748750  051.56978533
111  25.27936258  051.56736753
111  25.27937023  051.56679945
111  25.27866999  051.56494473
111  25.27810605  051.56413794
111  25.27807657  051.56291261
111  25.27871794  051.56184278
111  25.27869918  051.56147946
111  25.27876849  051.55999544
111  25.28319309  051.55808811
111  25.28324920  051.55405305
111  25.28300780  051.55341560
111  25.27666060  051.55590096
111  25.27628692  051.55560052
111  25.27375255  051.55672496
113  25.27282402  051.55563850
120 Linear Feature 22
111  25.26699642  051.56171244 19
111  25.26693379  051.56173200
111  25.26703326  051.56185910 19
111  25.26697211  051.56186725
111  25.26705537  051.56201961 19
111  25.26698906  051.56202205
111  25.26703842  051.56218093 19
111  25.26698058  051.56215866
111  25.26695737  051.56229745 19
115  25.26690801  051.56224041
120 Linear Feature 26
111  25.27360630  051.55728013 19
111  25.27365758  051.55722342
111  25.27370621  051.55735542 19
111  25.27373008  051.55728111
111  25.27383000  051.55739257 19
111  25.27383530  051.55729479
111  25.27395467  051.55736226 19
115  25.27394052  051.55728306
120 Linear Feature 23
111  25.26756604  051.56048422 19
111  25.26759278  051.56054195
111  25.26745145  051.56055743 19
111  25.26748050  051.56061403
111  25.26733813  051.56063487 19
111  25.26738142  051.56069541
111  25.26722887  051.56073341 19
111  25.26728744  051.56078550
111  25.26714077  051.56087563 19
111  25.26721971  051.56089956
111  25.26712038  051.56104317 19
111  25.26719551  051.56103894
111  25.26714685  051.56119579 19
111  25.26720924  051.56118171
111  25.26719382  051.56134216 19
111  25.26724857  051.56131682
111  25.26723391  051.56147810 19
111  25.26729503  051.56144853
111  25.26728408  051.56161072 19
111  25.26734392  051.56157834
111  25.26735130  051.56174562 19
111  25.26740605  051.56171042
111  25.26743839  051.56186670 19
111  25.26748550  051.56181743
111  25.26755919  051.56196262 19
111  25.26759484  051.56189504
111  25.26768696  051.56198639 19
115  25.26769332  051.56190755
120 Linear Feature 1
111  25.26019495  051.56612632 19
111  25.26026394  051.56618788
111  25.26009812  051.56625238 19
111  25.26016106  051.56631528
111  25.25995408  051.56634954 19
111  25.25997707  051.56644456
111  25.25978556  051.56637382 19
111  25.25977951  051.56647018
111  25.25963151  051.56631203 19
111  25.25958190  051.56638163
111  25.25953590  051.56620943 19
115  25.25947015  051.56626658
120 Linear Feature 4
111  25.26781154  051.56245947 19
111  25.26788245  051.56250237
111  25.26776807  051.56257863 19
111  25.26784678  051.56260027
111  25.26775665  051.56271737 19
111  25.26782355  051.56271441
111  25.26776670  051.56285738 19
111  25.26782959  051.56284998
111  25.26778908  051.56299781 19
111  25.26784527  051.56298449
111  25.26783745  051.56319413 19
111  25.26788820  051.56317356
111  25.26792930  051.56348818 19
111  25.26798165  051.56346440
111  25.26803879  051.56375843 19
111  25.26809883  051.56372252
111  25.26821897  051.56404995 19
111  25.26827195  051.56400024
111  25.26831331  051.56415192 19
111  25.26835602  051.56410163
111  25.26841090  051.56422771 19
111  25.26844249  051.56415990
111  25.26851925  051.56427721 19
111  25.26853376  051.56420344
111  25.26862814  051.56430333 19
111  25.26863682  051.56422257
111  25.26870508  051.56429570 19
115  25.26871251  051.56422173
120 Linear Feature 5
111  25.26711636  051.56274816 19
111  25.26709778  051.56283378
111  25.26724412  051.56280295 19
111  25.26721005  051.56287402
111  25.26734401  051.56289114 19
111  25.26730064  051.56293909
111  25.26743228  051.56299389 19
111  25.26738504  051.56303499
111  25.26751212  051.56313550 19
111  25.26745414  051.56317619
111  25.26759463  051.56330688 19
111  25.26753665  051.56334017
111  25.26769052  051.56358923 19
111  25.26763700  051.56361142
111  25.26777953  051.56387486 19
111  25.26771821  051.56388822
111  25.26784770  051.56420196 19
111  25.26778481  051.56421380
111  25.26785438  051.56436323 19
111  25.26778748  051.56435435
111  25.26783699  051.56449195 19
111  25.26776742  051.56446088
111  25.26778080  051.56462215 19
111  25.26771657  051.56456149
111  25.26767108  051.56471832 19
111  25.26763362  051.56465470
111  25.26743498  051.56486004 19
115  25.26740222  051.56479186
120 Linear Feature 8
111  25.26315400  051.56451599 19
111  25.26321130  051.56454339
111  25.26312071  051.56467353 19
111  25.26319659  051.56467010
111  25.26315404  051.56482439 19
111  25.26321607  051.56478884
111  25.26324468  051.56493484 19
111  25.26328494  051.56487319
111  25.26335365  051.56499563 19
115  25.26337765  051.56492285
120 Linear Feature 7
111  25.26673272  051.56579697 19
111  25.26667047  051.56585142
111  25.26662215  051.56569422 19
111  25.26658963  051.56578053
111  25.26648278  051.56569833 19
111  25.26648464  051.56577128
111  25.26634619  051.56571477 19
111  25.26635548  051.56579080
111  25.26608453  051.56577743 19
111  25.26610816  051.56585756
111  25.26583608  051.56588430 19
115  25.26586082  051.56595313
120 Linear Feature 6
111  25.26669957  051.56522381 19
111  25.26667645  051.56513859
111  25.26643180  051.56531531 19
111  25.26641680  051.56523433
111  25.26630158  051.56534582 19
111  25.26629387  051.56527551
111  25.26617044  051.56535248 19
111  25.26617519  051.56528287
111  25.26590716  051.56533088 19
115  25.26591101  051.56526483
120 Linear Feature 11
111  25.26281798  051.56548397 19
111  25.26290495  051.56545685
111  25.26275443  051.56532123 19
111  25.26288488  051.56541863
111  25.26290272  051.56533233 19
115  25.26290830  051.56541740
120 Linear Feature 10
111  25.26314916  051.56631804 19
111  25.26321338  051.56628105
111  25.26321938  051.56645843 19
111  25.26327789  051.56637910
111  25.26334670  051.56651328 19
111  25.26337061  051.56641043
111  25.26350358  051.56652067 19
115  25.26349823  051.56643486
120 Linear Feature 9
111  25.26444855  051.56552003 19
111  25.26442981  051.56559549
111  25.26460322  051.56559790 19
111  25.26456977  051.56566595
111  25.26470002  051.56567579 19
111  25.26464115  051.56573349
111  25.26476216  051.56576762 19
111  25.26465914  051.56578686
111  25.26473873  051.56587921 19
111  25.26465170  051.56583324
111  25.26464635  051.56598835 19
111  25.26459326  051.56592539
111  25.26453784  051.56607945 19
115  25.26449334  051.56601646
120 Linear Feature 15
111  25.25767650  051.56882931 19
111  25.25769434  051.56890945
111  25.25788612  051.56878123 19
111  25.25789481  051.56885821
111  25.25802103  051.56876521 19
111  25.25802103  051.56884534
111  25.25812584  051.56877384 19
111  25.25809289  051.56886003
111  25.25822731  051.56885437 19
111  25.25817155  051.56891723
111  25.25830053  051.56895259 19
111  25.25824104  051.56900562
111  25.25841428  051.56915394 19
111  25.25835184  051.56919093
111  25.25850786  051.56936288 19
115  25.25844408  051.56940113
120 Linear Feature 14
111  25.25901871  051.56822586 19
111  25.25904548  051.56829613
111  25.25883183  051.56834690 19
111  25.25886973  051.56840607
111  25.25873570  051.56843025 19
111  25.25878741  051.56848182
111  25.25866945  051.56853923 19
111  25.25873079  051.56856041
111  25.25865430  051.56867290 19
111  25.25871674  051.56867290
111  25.25865608  051.56880064 19
111  25.25872209  051.56879450
111  25.25868343  051.56902585 19
111  25.25875568  051.56900987
111  25.25873649  051.56926572 19
115  25.25880314  051.56924198
120 Linear Feature 13
111  25.26220489  051.56641357 19
111  25.26217438  051.56634434
111  25.26237954  051.56630414 19
111  25.26235239  051.56625328
111  25.26248659  051.56622128 19
111  25.26244696  051.56617365
111  25.26255906  051.56612675 19
111  25.26250052  051.56610004
111  25.26257671  051.56599422 19
111  25.26251632  051.56599114
111  25.26257114  051.56586682 19
111  25.26251322  051.56587608
111  25.26253492  051.56569249 19
111  25.26247608  051.56571169
111  25.26247700  051.56552400 19
111  25.26242590  051.56554970
111  25.26240052  051.56536713 19
111  25.26234384  051.56542055
111  25.26224655  051.56529896 19
111  25.26224162  051.56537054
111  25.26211677  051.56528869 19
111  25.26211491  051.56536677
111  25.26197866  051.56528708 19
111  25.26197965  051.56537410
111  25.26184451  051.56528546 19
111  25.26184673  051.56537300
111  25.26170586  051.56529111 19
111  25.26170883  051.56537823
111  25.26154270  051.56529793 19
111  25.26154605  051.56538670
111  25.26139399  051.56530757 19
115  25.26139664  051.56540498
120 Linear Feature 12
111  25.26293993  051.56691873 19
111  25.26287303  051.56695202
111  25.26287449  051.56681160 19
111  25.26282543  051.56686215
111  25.26277380  051.56673749 19
111  25.26274704  051.56680037
111  25.26266230  051.56670141 19
111  25.26265672  051.56678524
111  25.26252940  051.56671186 19
111  25.26254419  051.56680191
111  25.26232838  051.56675596 19
115  25.26234692  051.56684213
120 Linear Feature 16
111  25.25119423  051.56978025 19
111  25.25114209  051.56985243
111  25.25128313  051.56987649 19
111  25.25122221  051.56993836
111  25.25135901  051.56998841 19
111  25.25130123  051.57004041
111  25.25142877  051.57010526 19
111  25.25137258  051.57015142
111  25.25149864  051.57024224 19
111  25.25144259  051.57028150
111  25.25155651  051.57036593 19
111  25.25150674  051.57039611
111  25.25161633  051.57050336 19
111  25.25156603  051.57053024
111  25.25166968  051.57063869 19
111  25.25161349  051.57066532
111  25.25172106  051.57077918 19
111  25.25165736  051.57080400
111  25.25175974  051.57091845 19
111  25.25168856  051.57093981
111  25.25177898  051.57104634 19
115  25.25170245  051.57105406
120 Linear Feature 17
111  25.25182746  051.56949457 19
111  25.25187701  051.56953480
111  25.25176956  051.56962324 19
111  25.25183305  051.56964721
111  25.25174781  051.56975601 19
111  25.25181363  051.56976372
111  25.25174889  051.56988495 19
111  25.25181316  051.56987810
111  25.25177670  051.57005710 19
111  25.25183554  051.57003912
111  25.25182626  051.57022214 19
111  25.25188387  051.57019338
111  25.25188969  051.57038624 19
111  25.25194823  051.57035337
111  25.25198833  051.57054770 19
111  25.25203542  051.57050488
111  25.25208378  051.57064572 19
111  25.25212188  051.57059333
111  25.25218335  051.57070282 19
111  25.25220507  051.57064091
111  25.25227749  051.57072818 19
111  25.25228365  051.57066330
111  25.25239911  051.57072159 19
111  25.25238796  051.57065789
111  25.25259849  051.57065816 19
115  25.25258372  051.57059874
120 Linear Feature 18
111  25.25272973  051.57099338 19
111  25.25277629  051.57107326
111  25.25255274  051.57111388 19
111  25.25260128  051.57118596
111  25.25245943  051.57120413 19
111  25.25252970  051.57125673
111  25.25242657  051.57133129 19
111  25.25250498  051.57133166
111  25.25244300  051.57145221 19
111  25.25250722  051.57143268
111  25.25246921  051.57155075 19
115  25.25252892  051.57152512
120 Linear Feature 19
111  25.26362929  051.56719607 19
111  25.26363036  051.56715564
111  25.26357767  051.56719726 19
111  25.26361369  051.56715267
111  25.26352927  051.56717466 19
111  25.26360778  051.56713958
111  25.26352658  051.56711164 19
111  25.26361692  051.56711223
111  25.26356637  051.56701294 19
111  25.26363896  051.56705575
111  25.26362176  051.56694219 19
115  25.26367929  051.56700462
120 turn
111  25.26632345  051.56106328 19
111  25.26632456  051.56115268
111  25.26645496  051.56105003 19
111  25.26644754  051.56113777
111  25.26660038  051.56108476 19
111  25.26656644  051.56116952
111  25.26673443  051.56117851 19
111  25.26667551  051.56124929
111  25.26683078  051.56129501 19
111  25.26676691  051.56135145
111  25.26690308  051.56142747 19
111  25.26683043  051.56146714
111  25.26695096  051.56156745 19
115  25.26688445  051.56159807
120 Linear Feature 25
111  25.27343417  051.55787518 19
111  25.27346307  051.55794589
111  25.27328297  051.55799936 19
111  25.27334486  051.55805118
111  25.27321489  051.55816558 19
111  25.27329242  051.55818575
111  25.27319986  051.55832007 19
111  25.27327413  051.55832007
111  25.27320958  051.55845892 19
111  25.27328739  051.55844718
111  25.27323611  051.55859385 19
111  25.27330884  051.55857172
111  25.27327501  051.55873172 19
111  25.27334486  051.55870141
111  25.27333216  051.55887478 19
111  25.27339610  051.55883639
111  25.27340052  051.55900498 19
111  25.27345711  051.55896391
111  25.27347219  051.55911598 19
111  25.27352966  051.55906416
111  25.27356061  051.55921376 19
111  25.27360388  051.55914985
111  25.27367201  051.55929101 19
111  25.27369575  051.55920949
111  25.27377977  051.55929639 19
115  25.27378060  051.55922199
120 Linear Feature 24
111  25.27185713  051.55858242 19
111  25.27187606  051.55865769
111  25.27197703  051.55854604 19
111  25.27199110  051.55862132
111  25.27209692  051.55852021 19
111  25.27210528  051.55859096
111  25.27222212  051.55850732 19
111  25.27222625  051.55856951
111  25.27234249  051.55849987 19
111  25.27234355  051.55856558
111  25.27247359  051.55851319 19
111  25.27246288  051.55857598
111  25.27259879  051.55855308 19
111  25.27257357  051.55861019
111  25.27270489  051.55861292 19
111  25.27267942  051.55866455
111  25.27281736  051.55869857 19
111  25.27278191  051.55874469
111  25.27291497  051.55879713 19
111  25.27287253  051.55883937
111  25.27300347  051.55890812 19
111  25.27295887  051.55894267
111  25.27307614  051.55903662 19
111  25.27302081  051.55906574
111  25.27312392  051.55917377 19
111  25.27306344  051.55919056
111  25.27313779  051.55931457 19
111  25.27307471  051.55931388
111  25.27311763  051.55945185 19
111  25.27305821  051.55943073
111  25.27305927  051.55956918 19
111  25.27301259  051.55952929
111  25.27299060  051.55964458 19
115  25.27294893  051.55959382
120 Linear Feature 20
111  25.26237432  051.56273584 19
111  25.26240721  051.56284730
111  25.26250801  051.56274053 19
111  25.26249209  051.56283556
111  25.26263533  051.56277807 19
111  25.26258865  051.56285551
111  25.26273825  051.56288484 19
111  25.26264488  051.56293294
111  25.26274143  051.56304205 19
111  25.26265549  051.56302563
111  25.26268626  051.56318049 19
115  25.26260774  051.56312770
120 Linear Feature 19
111  25.25922611  051.56386580 19
111  25.25919605  051.56379150
111  25.25933310  051.56377879 19
111  25.25927828  051.56373284
111  25.25937996  051.56363997 19
111  25.25932249  051.56363410
111  25.25937023  051.56349527 19
111  25.25930834  051.56351091
111  25.25933302  051.56337546 19
115  25.25927378  051.56339893
120 Linear Feature 21
111  25.26261722  051.56364456 19
111  25.26268354  051.56369051
111  25.26257124  051.56376873 19
111  25.26264935  051.56377850
111  25.26257714  051.56389094 19
111  25.26265229  051.56387464
111  25.26261840  051.56401559 19
111  25.26268471  051.56396834
111  25.26271124  051.56410684 19
111  25.26274735  051.56402293
111  25.26282913  051.56413455 19
115  25.26283429  051.56405633
120 Linear Feature 18
111  25.25116072  051.56775387 19
111  25.25120808  051.56784509
111  25.25107210  051.56787887 19
111  25.25115766  051.56790928
111  25.25106141  051.56802246 19
111  25.25115002  051.56800388
111  25.25108738  051.56815423 19
115  25.25116988  051.56812889
120 Linear Feature 17
111  25.25140681  051.56892654 19
111  25.25147790  051.56886671
111  25.25147451  051.56901499 19
111  25.25153413  051.56895000
111  25.25155494  051.56908112 19
111  25.25158824  051.56900514
111  25.25164766  051.56908022 19
115  25.25165190  051.56900866
120 Linear Feature 16
111  25.25106230  051.56918555 19
111  25.25099476  051.56918962
111  25.25104388  051.56930028 19
111  25.25098248  051.56926430
111  25.25096160  051.56938175 19
115  25.25092169  051.56932268
120 Linear Feature 15
111  25.25033929  051.56809837 19
111  25.25036476  051.56821380
111  25.25048211  051.56807889 19
111  25.25048593  051.56818588
111  25.25062450  051.56808570 19
111  25.25060158  051.56818001
111  25.25072636  051.56817157 19
111  25.25066524  051.56822506
111  25.25079638  051.56828700 19
115  25.25073372  051.56832923
120 Linear Feature 14
111  25.24773097  051.57057333 19
111  25.24778562  051.57052617
111  25.24780418  051.57064747 19
111  25.24784467  051.57059291
111  25.24788756  051.57069949 19
111  25.24789923  051.57062323
111  25.24797396  051.57070455 19
115  25.24796242  051.57062549
120 Linear Feature 13
111  25.24748139  051.56936627 19
111  25.24751322  051.56942688
111  25.24740004  051.56944350 19
111  25.24745132  051.56948455
111  25.24736379  051.56955983 19
111  25.24742568  051.56956276
111  25.24737970  051.56967713 19
115  25.24743187  051.56966052
120 Linear Feature 12
111  25.24740016  051.57072719 19
111  25.24733288  051.57072782
111  25.24739806  051.57083180 19
111  25.24733459  051.57082354
111  25.24736485  051.57094036 19
111  25.24730581  051.57089543
111  25.24727881  051.57101118 19
115  25.24724627  051.57092971
120 Linear Feature 10
111  25.24571204  051.57014167 19
111  25.24574175  051.57020619
111  25.24561124  051.57020032 19
111  25.24564846  051.57026528
111  25.24551257  051.57028244 19
111  25.24555925  051.57033288
111  25.24545740  051.57039740 19
111  25.24551788  051.57042320
111  25.24543510  051.57052691 19
111  25.24549899  051.57052717
111  25.24544360  051.57065195 19
111  25.24550408  051.57064022
111  25.24546178  051.57075819 19
115  25.24551652  051.57074412
120 Linear Feature 9
111  25.24579495  051.57145900 19
111  25.24585437  051.57138510
111  25.24588195  051.57153408 19
111  25.24592333  051.57145313
111  25.24596789  051.57158921 19
115  25.24599124  051.57149654
120 Linear Feature 11
111  25.24679052  051.56966754 19
111  25.24681174  051.56973597
111  25.24690635  051.56964310 19
111  25.24689839  051.56971251
111  25.24700803  051.56971446 19
111  25.24697532  051.56975454
111  25.24707346  051.56980244 19
115  25.24703721  051.56982786
120 Linear Feature 8
111  25.24547682  051.57164879 19
111  25.24540977  051.57166264
111  25.24548272  051.57175224 19
111  25.24541493  051.57173106
111  25.24541419  051.57182882 19
115  25.24538325  051.57177587
120 turn
111  25.24478279  051.57050861 19
111  25.24481020  051.57059952
111  25.24488800  051.57047439 19
111  25.24488132  051.57058171
111  25.24498792  051.57050470 19
111  25.24494914  051.57059260
111  25.24506926  051.57056922 19
111  25.24500825  051.57063862
111  25.24512762  051.57066795 19
115  25.24505634  051.57070526
120 turn
111  25.24227655  051.57135406 19
111  25.24223411  051.57124066
111  25.24216161  051.57142835 19
111  25.24210590  051.57132278
111  25.24205462  051.57151242 19
111  25.24199096  051.57141858
111  25.24194852  051.57160528 19
111  25.24187955  051.57153001
111  25.24185126  051.57170695 19
111  25.24177168  051.57162972
111  25.24175842  051.57181838 19
111  25.24168061  051.57175778
111  25.24167884  051.57193666 19
111  25.24160192  051.57189561
111  25.24161253  051.57207254 19
111  25.24153472  051.57203637
111  25.24156301  051.57221330 19
111  25.24148609  051.57218789
111  25.24154179  051.57236091 19
111  25.24145779  051.57234722
111  25.24154356  051.57251047 19
111  25.24146310  051.57251340
111  25.24157274  051.57270793 19
111  25.24148697  051.57271770
111  25.24160015  051.57285847 19
111  25.24151703  051.57287606
111  25.24163993  051.57300314 19
111  25.24155328  051.57303246
111  25.24168326  051.57314683 19
111  25.24159396  051.57318007
111  25.24173720  051.57327978 19
111  25.24164701  051.57331986
111  25.24178848  051.57337460 19
115  25.24169652  051.57343129
120 turn
111  25.24242111  051.57316082 19
111  25.24238365  051.57306104
111  25.24230137  051.57320970 19
111  25.24229401  051.57310018
111  25.24216082  051.57316462 19
111  25.24220179  051.57307527
111  25.24205472  051.57308251 19
111  25.24211732  051.57300626
111  25.24197833  051.57297693 19
111  25.24205578  051.57291946
111  25.24191785  051.57284438 19
111  25.24200557  051.57280592
111  25.24187859  051.57270948 19
111  25.24197090  051.57268368
111  25.24185100  051.57256989 19
111  25.24194543  051.57255464
111  25.24183721  051.57242561 19
111  25.24194331  051.57242561
111  25.24185206  051.57227312 19
111  25.24195604  051.57229775
111  25.24189132  051.57212883 19
111  25.24199424  051.57217106
111  25.24195392  051.57199980 19
111  25.24204305  051.57205611
111  25.24203668  051.57189423 19
111  25.24210353  051.57195523
111  25.24213324  051.57178865 19
111  25.24219505  051.57186916
111  25.24223615  051.57170420 19
111  25.24229027  051.57178865
111  25.24233589  051.57163147 19
111  25.24238224  051.57172692
111  25.24245048  051.57156460 19
111  25.24249314  051.57166042
111  25.24258842  051.57149305 19
111  25.24262873  051.57158924
111  25.24271043  051.57142619 19
115  25.24274533  051.57151867
120 Linear Feature 3
111  25.26659399  051.56600798 51 102
111  25.26679791  051.56591161 51 102
112  25.26659573  051.56568998  25.26649908  051.56569091 51 102
112  25.26609476  051.56577185  25.26597121  051.56582017 51 102
112  25.26406789  051.56666437  25.26396282  051.56671703 51 102
112  25.26361613  051.56694410  25.26355513  051.56700513 51 102
112  25.26353482  051.56718388  25.26357984  051.56722081 51 102
115  25.26372154  051.56718055
120 Linear Feature 213
111  25.26343548  051.56713312 57
115  25.26318126  051.56724798
120 Linear Feature 212
111  25.26374194  051.56645139 57
115  25.26386146  051.56677800
120 Linear Feature 21
111  25.26477576  051.56536448 53 101
112  25.26502370  051.56570465  25.26507072  051.56595083 53 101
115  25.26485804  051.56617041
120 Linear Feature 20
111  25.26688301  051.56563490 53 101
112  25.26692110  051.56540376  25.26696497  051.56530030 53 101
115  25.26707256  051.56522433
120 Linear Feature 210
111  25.26235617  051.56632888 57
115  25.26250313  051.56670732
120 Linear Feature 208
111  25.25862501  051.56805812 57 101
115  25.25875219  051.56839781
120 Linear Feature 207
111  25.25867124  051.56897586 57 101
115  25.25839132  051.56910417
120 Linear Feature 206
111  25.25790366  051.56838556 57 101
115  25.25801756  051.56868781
120 Linear Feature 191
111  25.26256564  051.56873118 53 101
115  25.26365181  051.56823570
120 Linear Feature 190
111  25.26229973  051.56790839 53 101
115  25.26335108  051.56742158
120 Linear Feature 37
111  25.26285586  051.56312470 53 101
112  25.26279390  051.56277369  25.26266358  051.56259357 53 101
115  25.26240990  051.56259884
120 Linear Feature 87
111  25.25974773  051.56345637 53 101
112  25.25974747  051.56364336  25.25971695  051.56373097 53 101
115  25.25961069  051.56383332
120 Linear Feature 97
111  25.26407519  051.55919404 53 101
112  25.26406475  051.55906701  25.26407972  051.55899979 53 101
115  25.26415453  051.55895946
120 Linear Feature 96
111  25.26390594  051.55907059 53 101
112  25.26399289  051.55909167  25.26403030  051.55912062 53 101
111  25.26407519  051.55919404 53 101
115  25.26430028  051.55979896
120 Linear Feature 95
111  25.26370064  051.55934163 53 101
112  25.26369166  051.55923691  25.26370257  051.55918434 53 101
115  25.26375557  051.55913781
120 Linear Feature 94
111  25.26354128  051.55923367 53 101
112  25.26363442  051.55925849  25.26367034  051.55929200 53 101
111  25.26370064  051.55934163 53 101
115  25.26394579  051.56000042
120 Linear Feature 93
111  25.26551801  051.56095505 53 101
112  25.26561996  051.56109163  25.26568649  051.56113489 53 101
115  25.26579486  051.56110538
120 Linear Feature 92
111  25.26542876  051.56126632 53 101
112  25.26552642  051.56112754  25.26554743  051.56101496 53 101
111  25.26551801  051.56095505 53 101
115  25.26520457  051.56008533
120 Linear Feature 91
111  25.26502400  051.56121435 53 101
112  25.26512731  051.56131512  25.26520074  051.56135808 53 101
115  25.26528254  051.56133124
120 Linear Feature 90
111  25.26493221  051.56148619 53 101
112  25.26501055  051.56137210  25.26503973  051.56128027 53 101
111  25.26502400  051.56121435 53 101
115  25.26470578  051.56029924
120 Linear Feature 89
111  25.26451147  051.56143080 53 101
112  25.26460461  051.56154248  25.26468317  051.56160081 53 101
115  25.26477348  051.56155507
120 Linear Feature 88
111  25.26447857  051.56168552 53 101
112  25.26451402  051.56158743  25.26452749  051.56152936 53 101
111  25.26451267  051.56142959 53 101
115  25.26419932  051.56051801
120 Linear Feature 86
111  25.26007469  051.56362919 53 101
112  25.25989770  051.56361820  25.25982008  051.56357787 53 101
111  25.25974806  051.56345688 53 101
115  25.25932458  051.56235137
120 Linear Feature 85
111  25.26035096  051.56321492 53 101
112  25.26034225  051.56341349  25.26029848  051.56351029 53 101
115  25.26025022  051.56354974
120 Linear Feature 84
111  25.26060916  051.56339314 53 101
112  25.26048845  051.56337996  25.26042018  051.56334583 53 101
111  25.26035096  051.56321492 53 101
115  25.25996156  051.56215256
120 Linear Feature 83
111  25.26097681  051.56294585 53 101
112  25.26096045  051.56314837  25.26091914  051.56324661 53 101
115  25.26083962  051.56329159
120 Linear Feature 27
111  25.27319402  051.55897356 53 101
112  25.27353523  051.55940492  25.27377073  051.55953873 53 101
115  25.27402538  051.55943543
120 Linear Feature 26
111  25.27319408  051.55897335 53 101
112  25.27323752  051.55957846  25.27317258  051.55979659 53 101
115  25.27302002  051.55987657
120 Linear Feature 64
111  25.27264130  051.55838937 53 101
112  25.27221291  051.55821484  25.27202360  051.55805752 53 101
115  25.27170669  051.55703551
120 Linear Feature 63
111  25.27305964  051.55867239 53 101
112  25.27265784  051.55839331  25.27249261  051.55834957 53 101
115  25.27188291  051.55841992
120 Linear Feature 101
111  25.26472097  051.55870722 53 101
115  25.26448919  051.55800627
120 Linear Feature 100
111  25.26501698  051.55865164 53 101
115  25.26512310  051.55787040
120 Linear Feature 99
111  25.26562018  051.55890212 53 101
115  25.26519936  051.55885280
120 Linear Feature 98
111  25.26575951  051.55936527 53 101
115  25.26536358  051.55931166
120 Linear Feature 73
111  25.26631155  051.56087785 53 101
112  25.26606700  051.56088213  25.26595678  051.56086311 53 101
111  25.26587395  051.56074054 53 101
111  25.26517629  051.55880868 53 101
112  25.26507834  051.55868339  25.26500723  051.55863872 53 101
111  25.26486179  051.55864408 53 101
111  25.26345286  051.55927268 53 101
112  25.26328876  051.55945532  25.26323381  051.55958934 53 101
111  25.26328876  051.55976804 53 101
111  25.26398770  051.56166785 53 101
112  25.26406913  051.56178975  25.26412368  051.56183887 53 101
115  25.26423177  051.56179468
120 Linear Feature 72
111  25.27264822  051.55769696 53 101
112  25.27265304  051.55797972  25.27259917  051.55809886 53 101
115  25.27252684  051.55813511
120 Linear Feature 71
111  25.27195539  051.55773352 53 101
112  25.27200926  051.55813263  25.27198772  051.55832028 53 101
115  25.27188291  051.55841992
120 Linear Feature 70
111  25.27144731  051.55821264 53 101
112  25.27142673  051.55849291  25.27136314  051.55862735 53 101
115  25.27131816  051.55866855
120 Linear Feature 69
111  25.27086341  051.55854918 53 101
112  25.27087666  051.55876377  25.27084626  051.55884047 53 101
115  25.27076181  051.55891371
120 Linear Feature 68
111  25.27023109  051.55881908 53 101
112  25.27023694  051.55903846  25.27020499  051.55914446 53 101
115  25.27012172  051.55919610
120 Linear Feature 67
111  25.27055655  051.55900422 53 101
112  25.27036829  051.55900509  25.27028075  051.55898126 53 101
111  25.27023092  051.55881894 53 101
115  25.26989489  051.55791734
120 Linear Feature 66
111  25.27115683  051.55873840 53 101
112  25.27101059  051.55873017  25.27091983  051.55869157 53 101
111  25.27086361  051.55855055 53 101
115  25.27050989  051.55765759
120 Linear Feature 65
111  25.27188291  051.55841992 53 101
112  25.27162808  051.55839211  25.27152569  051.55836123 53 101
111  25.27144657  051.55821198 53 101
115  25.27112775  051.55740136
120 Linear Feature 62
111  25.27305996  051.55867253 53 101
112  25.27305113  051.55815515  25.27314049  051.55782473 53 101
112  25.27324102  051.55765179  25.27325778  051.55737695 53 101
115  25.27289622  051.55646374
120 Linear Feature 25
111  25.27319405  051.55897348 53 101
111  25.27277243  051.55802825 53 101
115  25.27229328  051.55673674
120 Linear Feature 43
111  25.24526732  051.57057630 53 101
115  25.24601061  051.57276073
120 Linear Feature 42
111  25.24723850  051.56976680 53 101
115  25.24828081  051.57249406
120 Linear Feature 41
111  25.25089018  051.56810034 53 101
115  25.25188701  051.57078520
120 Linear Feature 40
111  25.26118019  051.56511411 53 101
112  25.26192270  051.56502184  25.26237261  051.56504542
111  25.26192270  051.56502184
112  25.26192270  051.56502184  25.26205542  051.56502879 53 101
112  25.26319638  051.56519783  25.26376277  051.56527568
111  25.26319638  051.56519783
112  25.26319638  051.56519783  25.26373026  051.56527121 53 101
112  25.26608651  051.56548341  25.26629830  051.56549655
111  25.26608651  051.56548341
112  25.26608651  051.56548341  25.26639677  051.56550125 53 101
115  25.26649839  051.56546958
120 Linear Feature 56
111  25.24561946  051.57160995 53 101
112  25.24585214  051.57176862  25.24602086  051.57180936 53 101
115  25.24614109  051.57176005
120 Linear Feature 55
111  25.24561946  051.57160995 53 101
112  25.24556911  051.57189310  25.24547072  051.57205154 53 101
115  25.24531302  051.57212668
120 Linear Feature 39
111  25.26649839  051.56546958 53 101
112  25.26672597  051.56549573  25.26683970  051.56555047 53 101
111  25.26688237  051.56563569 53 101
111  25.26886210  051.57139170 53 101
112  25.26885904  051.57149253  25.26884315  051.57154867 53 101
111  25.26878348  051.57157388 53 101
111  25.26566574  051.57300463 53 101
112  25.26554462  051.57302331  25.26549518  051.57300712 53 101
111  25.26537948  051.57291937 53 101
115  25.26231800  051.56460033
120 Linear Feature 61
111  25.26727672  051.56198347 53 101
112  25.26725157  051.56230519  25.26719016  051.56243964 53 101
115  25.26700582  051.56253707
120 Linear Feature 60
111  25.26727672  051.56198347 53 101
112  25.26746454  051.56218477  25.26761710  051.56227498 53 101
115  25.26779890  051.56218785
120 Linear Feature 57
111  25.26024084  051.56577620 53 101
112  25.25995970  051.56616216  25.25980751  051.56628401 53 101
116  25.25973861  051.56599987  25.25972849  051.56594013
120 Linear Feature 54
111  25.24758058  051.57066186 53 101
112  25.24754102  051.57098862  25.24745026  051.57117901 53 101
115  25.24726177  051.57126392
120 Linear Feature 53
111  25.24758291  051.57066186 53 101
112  25.24785285  051.57085740  25.24806230  051.57092687 53 101
115  25.24829733  051.57080337
120 Linear Feature 52
111  25.24526798  051.57057699 53 101
112  25.24526259  051.57034025  25.24528010  051.57019434 53 101
115  25.24541795  051.57009413
120 Linear Feature 51
111  25.24526663  051.57057550 53 101
112  25.24509163  051.57037806  25.24498524  051.57031999 53 101
115  25.24482398  051.57035673
120 Linear Feature 50
111  25.24723997  051.56976706 53 101
112  25.24723054  051.56950948  25.24725478  051.56936356 53 101
115  25.24742221  051.56921044
120 Linear Feature 49
111  25.24723862  051.56976557 53 101
112  25.24710126  051.56955414  25.24701372  051.56948565 53 101
115  25.24679242  051.56948728
120 Linear Feature 48
111  25.25089151  051.56809784 53 101
112  25.25092545  051.56781732  25.25097878  051.56767617 53 101
115  25.25110943  051.56758321
120 Linear Feature 47
111  25.25089151  051.56809963 53 101
112  25.25072182  051.56793346  25.25062486  051.56789951 53 101
115  25.25037930  051.56790569
120 Linear Feature 46
111  25.25123895  051.56903743 53 101
112  25.25123885  051.56936923  25.25118455  051.56954934 53 101
115  25.25102359  051.56960079
120 Linear Feature 45
111  25.25123895  051.56903743 53 101
112  25.25149289  051.56924273  25.25164028  051.56930491 53 101
115  25.25183032  051.56924273
120 Line D
111  25.27426148  051.55736953 53 101
111  25.24241703  051.57141871 53 101
112  25.24172094  051.57216626  25.24158019  051.57259601 53 101
112  25.24193032  051.57320908  25.24199525  051.57327665 53 101
112  25.24214752  051.57334959  25.24225302  051.57338922
111  25.24214752  051.57334959
112  25.24214752  051.57334959  25.24237143  051.57341174 53 101
115  25.24272691  051.57327048
120 Linear Feature 36
111  25.26064965  051.56534420 53 101
112  25.26189948  051.56428092  25.26225469  051.56392520 53 101
112  25.26301714  051.56290358  25.26338296  051.56239718 53 101
115  25.26447857  051.56168552
120 Linear Feature 35
111  25.26259089  051.56643993 53 101
115  25.25246043  051.57092643
120 Linear Feature 28
111  25.26702425  051.56130096 53 101
115  25.26807086  051.56422185
120 Linear Feature 34
111  25.26317753  051.56669183 53 101
112  25.26335464  051.56676271  25.26347372  051.56676745 53 101
111  25.26355062  051.56672857 53 101
111  25.27071956  051.56366714 53 101
112  25.27085525  051.56366663  25.27092169  051.56368238 53 101
111  25.27101147  051.56384871 53 101
111  25.27180723  051.56607399 53 101
112  25.27181437  051.56620065  25.27179728  051.56625103 53 101
111  25.27171996  051.56627344 53 101
115  25.26774549  051.56810105
120 Linear Feature 30
111  25.26702345  051.56129913 53 101
112  25.26673721  051.56093887  25.26660224  051.56085138 53 101
115  25.26631155  051.56087785
120 Linear Feature 29
111  25.26702345  051.56130170 53 101
112  25.26699552  051.56086682  25.26704439  051.56066095 53 101
115  25.26732168  051.56043097
120 Linear Feature 82
111  25.26127411  051.56309900 53 101
112  25.26110759  051.56308377  25.26104680  051.56305188 53 101
111  25.26097705  051.56294719 53 101
115  25.26056088  051.56185893
120 Linear Feature 81
111  25.26157710  051.56267850 53 101
112  25.26156229  051.56289221  25.26153423  051.56296460 53 101
115  25.26145623  051.56301868
120 Linear Feature 80
111  25.26186896  051.56283697 53 101
112  25.26171084  051.56282297  25.26162568  051.56278815 53 101
111  25.26157781  051.56267990 53 101
115  25.26116429  051.56160896
120 Linear Feature 79
111  25.26218670  051.56243614 53 101
112  25.26217423  051.56261194  25.26213371  051.56269640 53 101
115  25.26206104  051.56275134
120 Linear Feature 78
111  25.26240990  051.56259884 53 101
112  25.26230397  051.56256500  25.26223932  051.56253224 53 101
111  25.26218631  051.56243646 53 101
115  25.26180630  051.56137176
120 Linear Feature 77
111  25.26278025  051.56212606 53 101
112  25.26276543  051.56235240  25.26270887  051.56246409 53 101
115  25.26264930  051.56249299
120 Linear Feature 76
111  25.26307993  051.56230336 53 101
112  25.26294649  051.56229312  25.26287448  051.56226106 53 101
111  25.26278095  051.56212559 53 101
115  25.26239223  051.56108553
120 Linear Feature 75
111  25.26339980  051.56186733 53 101
112  25.26339834  051.56205017  25.26336764  051.56213594 53 101
115  25.26326395  051.56222211
120 Linear Feature 74
111  25.26373899  051.56201101 53 101
112  25.26355799  051.56201627  25.26345941  051.56197339 53 101
111  25.26339980  051.56186733 53 101
115  25.26300956  051.56081794
120 Linear Feature 59
111  25.26241077  051.56370338 53 101
112  25.26231800  051.56460033  25.26247724  051.56502185 53 101
115  25.26319638  051.56519783
120 Linear Feature 58
111  25.26319638  051.56519783 53 101
112  25.26293164  051.56489245  25.26286648  051.56472262 53 101
115  25.26309687  051.56426716
120 Linear Feature 153
111  25.27068438  051.56541122 53 101
111  25.27097742  051.56623983 53 101
112  25.27100661  051.56646255  25.27099294  051.56656230 53 101
115  25.27093040  051.56663545
120 Linear Feature 152
111  25.27035963  051.56651818 53 101
112  25.27055120  051.56670426  25.27064960  051.56674960 53 101
115  25.27076988  051.56671031
120 Linear Feature 151
111  25.27006550  051.56570724 53 101
111  25.27035963  051.56651818 53 101
112  25.27037529  051.56679200  25.27034249  051.56686454 53 101
115  25.27030216  051.56692594
120 Linear Feature 150
111  25.26975111  051.56686885 53 101
112  25.26990200  051.56703933  25.26999009  051.56707220 53 101
115  25.27010866  051.56701394
120 Linear Feature 149
111  25.26945917  051.56603457 53 101
111  25.26974455  051.56686522 53 101
112  25.26975439  051.56709011  25.26970847  051.56718442 53 101
115  25.26965927  051.56722070
120 Linear Feature 148
111  25.26911474  051.56710100 53 101
112  25.26931812  051.56728961  25.26945917  051.56733314 53 101
115  25.26957070  051.56726060
120 Linear Feature 147
111  25.26884168  051.56634673 53 101
111  25.26911394  051.56710121 53 101
112  25.26915659  051.56735874  25.26912378  051.56744942 53 101
115  25.26904178  051.56750021
120 Linear Feature 146
111  25.26846773  051.56736962 53 101
112  25.26865143  051.56758001  25.26876623  051.56762353 53 101
115  25.26886792  051.56758363
120 Linear Feature 145
111  25.26819219  051.56658250 53 101
111  25.26846773  051.56736600 53 101
112  25.26849397  051.56765255  25.26845789  051.56775774 53 101
115  25.26831684  051.56783754
120 Linear Feature 144
111  25.26774225  051.56535092 53 101
112  25.26774188  051.56510760  25.26778562  051.56498669 53 101
115  25.26788416  051.56487832
120 Linear Feature 143
111  25.26801560  051.56610660 53 101
111  25.26774225  051.56535092 53 101
112  25.26757738  051.56515021  25.26750430  051.56510674 53 101
115  25.26735774  051.56510310
120 Linear Feature 142
111  25.26838756  051.56508733 53 101
112  25.26841550  051.56487206  25.26845377  051.56472696 53 101
115  25.26862322  051.56456314
120 Linear Feature 141
111  25.26865272  051.56583395 53 101
111  25.26838756  051.56508733 53 101
112  25.26825088  051.56490597  25.26815248  051.56486667 53 101
115  25.26788416  051.56487832
120 Linear Feature 140
111  25.26900455  051.56478338 53 101
112  25.26901594  051.56454267  25.26905961  051.56443351 53 101
115  25.26916762  051.56433001
120 Linear Feature 139
111  25.26928362  051.56556376 53 101
111  25.26900206  051.56478389 53 101
112  25.26885207  051.56460021  25.26877200  051.56454639 53 101
115  25.26862322  051.56456314
120 Linear Feature 138
111  25.26964145  051.56452394 53 101
112  25.26963782  051.56427233  25.26966935  051.56414822 53 101
115  25.26976824  051.56407337
120 Linear Feature 137
111  25.26990480  051.56527222 53 101
111  25.26964238  051.56452559 53 101
112  25.26947746  051.56431308  25.26939063  051.56427050 53 101
115  25.26926011  051.56429225
120 Linear Feature 136
111  25.27054175  051.56502628 53 101
111  25.27026840  051.56426051 53 101
112  25.27009830  051.56403808  25.27000813  051.56401809 53 101
115  25.26988878  051.56402192
120 Linear Feature 167
111  25.26840716  051.57078299 53 101
112  25.26857231  051.57079978  25.26865774  051.57084387 53 101
115  25.26870782  051.57094212
120 Linear Feature 166
111  25.26762546  051.57112665 53 101
111  25.26840716  051.57078299 53 101
112  25.26852106  051.57065285  25.26855903  051.57054999 53 101
115  25.26852240  051.57040339
120 Linear Feature 165
111  25.26815717  051.57004978 53 101
112  25.26831378  051.57005503  25.26840237  051.57008477 53 101
115  25.26844929  051.57019264
120 Linear Feature 164
111  25.26735756  051.57041427 53 101
111  25.26815559  051.57004978 53 101
112  25.26826474  051.56991684  25.26829638  051.56982063 53 101
115  25.26828689  051.56971567
120 Linear Feature 163
111  25.26791996  051.56928749 53 101
112  25.26808566  051.56931280  25.26814699  051.56935531 53 101
115  25.26820142  051.56947111
120 Linear Feature 162
111  25.26710011  051.56967138 53 101
111  25.26792018  051.56928749 53 101
112  25.26801028  051.56916050  25.26805419  051.56905315 53 101
115  25.26802515  051.56895844
120 Linear Feature 161
111  25.26765686  051.56854266 53 101
112  25.26781285  051.56853415  25.26786009  051.56856452 53 101
115  25.26792710  051.56866778
120 Linear Feature 160
111  25.26681142  051.56893341 53 101
111  25.26765427  051.56854298 53 101
112  25.26777500  051.56842207  25.26780006  051.56833895 53 101
115  25.26777956  051.56824071
120 Linear Feature 159
111  25.26739775  051.56780174 53 101
112  25.26756693  051.56781511  25.26763394  051.56786734 53 101
115  25.26768227  051.56795845
120 Linear Feature 158
111  25.26655256  051.56818654 53 101
111  25.26739723  051.56780265 53 101
112  25.26750876  051.56767656  25.26754156  051.56758588 53 101
115  25.26752290  051.56749825
120 Linear Feature 157
111  25.26712509  051.56708651 53 101
112  25.26728921  051.56708188  25.26736473  051.56710871 53 101
115  25.26741929  051.56719580
120 Linear Feature 156
111  25.26627222  051.56746434 53 101
111  25.26712509  051.56708651 53 101
112  25.26724034  051.56696271  25.26727672  051.56688749 53 101
115  25.26727705  051.56678310
120 Linear Feature 155
111  25.26680058  051.56636693 53 101
112  25.26702567  051.56637255  25.26710540  051.56641453 53 101
115  25.26719074  051.56652646
120 Linear Feature 154
111  25.26604284  051.56670426 53 101
111  25.26680058  051.56636693 53 101
112  25.26695803  051.56620370  25.26700395  051.56608763 53 101
115  25.26698494  051.56593207
120 Linear Feature 168
111  25.26259089  051.56643993 53 101
112  25.26275921  051.56622253  25.26284465  051.56603020 53 101
115  25.26279066  051.56588373
120 Linear Feature 175
111  25.26615412  051.57484218 53 101
112  25.26613179  051.57508387  25.26606676  051.57519393 53 101
111  25.26594486  051.57523958 53 101
115  25.26576570  051.57532249
120 Linear Feature 175
111  25.26602973  051.57449407 53 101
112  25.26600740  051.57473577  25.26594237  051.57484582 53 101
111  25.26582047  051.57489148 53 101
115  25.26564131  051.57497439
120 Linear Feature 175
111  25.26589077  051.57410365 53 101
112  25.26586844  051.57434534  25.26580341  051.57445539 53 101
111  25.26568151  051.57450105 53 101
115  25.26550236  051.57458396
120 Linear Feature 175
111  25.26717282  051.57167458 53 101
112  25.26707942  051.57158470  25.26701571  051.57157377 53 101
111  25.26696737  051.57160292 53 101
115  25.26678822  051.57168583
120 Linear Feature 175
111  25.26703473  051.57130216 53 101
112  25.26694465  051.57121106  25.26688093  051.57120012 53 101
111  25.26683259  051.57122928 53 101
115  25.26665344  051.57131219
120 Linear Feature 175
111  25.26689759  051.57093203 53 101
112  25.26680623  051.57084177  25.26674251  051.57083084 53 101
111  25.26669418  051.57085999 53 101
115  25.26651502  051.57094290
120 Linear Feature 175
111  25.26607739  051.56871948 53 101
112  25.26598378  051.56862837  25.26592006  051.56861744 53 101
111  25.26587173  051.56864659 53 101
115  25.26569257  051.56872950
120 Linear Feature 175
111  25.26621539  051.56908977 53 101
112  25.26612045  051.56899781  25.26605674  051.56898688 53 101
111  25.26600840  051.56901603 53 101
115  25.26582925  051.56909894
120 Linear Feature 175
111  25.26634977  051.56945291 53 101
112  25.26625713  051.56936096  25.26619342  051.56935002 53 101
111  25.26614508  051.56937918 53 101
115  25.26596592  051.56946208
120 Linear Feature 175
111  25.26648645  051.56982082 53 101
112  25.26639381  051.56972830  25.26633009  051.56971736 53 101
111  25.26628176  051.56974652 53 101
115  25.26610260  051.56982943
120 Linear Feature 175
111  25.26662612  051.57019711 53 101
112  25.26653618  051.57010584  25.26647246  051.57009491 53 101
111  25.26642413  051.57012407 53 101
115  25.26624497  051.57020697
120 Linear Feature 175
111  25.26676468  051.57057158 53 101
112  25.26667460  051.57048047  25.26661088  051.57046954 53 101
111  25.26656255  051.57049870 53 101
115  25.26638339  051.57058160
120 Linear Feature 171
111  25.26725132  051.57188462 53 101
112  25.26741110  051.57209285  25.26750602  051.57213803 53 101
115  25.26760330  051.57211494
120 Linear Feature 170
111  25.26725132  051.57188462 53 101
112  25.26724945  051.57215076  25.26719672  051.57227467 53 101
115  25.26706809  051.57235984
120 D2C
111  25.26725159  051.57188566 53 101
115  25.26599459  051.56849289
120 Linear Feature 189
111  25.26540601  051.57210899 53 101
112  25.26526105  051.57229256  25.26521229  051.57241813 53 101
115  25.26524189  051.57254291
120 Linear Feature 188
111  25.26616126  051.57177953 53 101
111  25.26540601  051.57210899 53 101
112  25.26519236  051.57209149  25.26507956  051.57203309 53 101
115  25.26501459  051.57192678
120 Linear Feature 187
111  25.26514141  051.57138700 53 101
112  25.26499244  051.57155745  25.26495048  051.57166185 53 101
115  25.26497139  051.57180984
120 Linear Feature 186
111  25.26592176  051.57102791 53 101
111  25.26513996  051.57138760 53 101
112  25.26492045  051.57138495  25.26485928  051.57135833 53 101
115  25.26476307  051.57124515
120 Linear Feature 185
111  25.26488153  051.57063076 53 101
112  25.26469994  051.57079825  25.26466945  051.57086934 53 101
115  25.26468882  051.57103933
120 Linear Feature 184
111  25.26565061  051.57027813 53 101
111  25.26488188  051.57063089 53 101
112  25.26464225  051.57065275  25.26456310  051.57061950 53 101
115  25.26449783  051.57052249
120 Linear Feature 183
111  25.26462423  051.56989022 53 101
112  25.26443980  051.57006897  25.26439526  051.57017516 53 101
115  25.26441734  051.57030554
120 Linear Feature 182
111  25.26540329  051.56954010 53 101
111  25.26462423  051.56989022 53 101
112  25.26437374  051.56991173  25.26427265  051.56986188 53 101
115  25.26422796  051.56977991
120 Linear Feature 181
111  25.26432342  051.56917149 53 101
112  25.26415460  051.56934669  25.26411469  051.56944832 53 101
115  25.26414357  051.56955767
120 Linear Feature 180
111  25.26514804  051.56882388 53 101
111  25.26432342  051.56917149 53 101
112  25.26410141  051.56917152  25.26400511  051.56913743 53 101
115  25.26394630  051.56902345
120 Linear Feature 179
111  25.26408316  051.56841098 53 101
112  25.26388964  051.56857781  25.26385306  051.56866465 53 101
115  25.26385284  051.56876750
120 Linear Feature 178
111  25.26487871  051.56807164 53 101
111  25.26408111  051.56841141 53 101
112  25.26385584  051.56844652  25.26378334  051.56842319 53 101
115  25.26369309  051.56833259
120 Linear Feature 177
111  25.26383073  051.56766713 53 101
112  25.26362191  051.56782991  25.26357762  051.56791912 53 101
115  25.26358689  051.56805043
120 Linear Feature 176
111  25.26465426  051.56730900 53 101
111  25.26383073  051.56766713 53 101
112  25.26357094  051.56769977  25.26349185  051.56765254 53 101
115  25.26338827  051.56751005
120 Linear Feature 198
111  25.26528508  051.57266324 53 101
112  25.26527309  051.57300405  25.26521081  051.57314389 53 101
111  25.26512979  051.57318136 53 101
111  25.26347830  051.57391604 53 101
112  25.26323388  051.57413882  25.26318115  051.57426418 53 101
115  25.26283434  051.57441872
120 Linear Feature 201
111  25.26807086  051.56422185 53 101
112  25.26809075  051.56457557  25.26804856  051.56469219 53 101
115  25.26788416  051.56487832
120 Linear Feature 200
111  25.26807086  051.56422185 53 101
112  25.26830985  051.56447344  25.26842691  051.56455391 53 101
115  25.26862322  051.56456314
120 Linear Feature 204
111  25.25188701  051.57078520 53 101
112  25.25213728  051.57096543  25.25228972  051.57100306 53 101
115  25.25246043  051.57092643
120 Linear Feature 203
111  25.26259089  051.56643993 53 101
112  25.26291930  051.56645673  25.26305218  051.56653439 53 101
115  25.26317683  051.56669190
120 Linear Feature 202
111  25.26355062  051.56672857 53 101
112  25.26332871  051.56696705  25.26328442  051.56707900 53 101
115  25.26334111  051.56737984
120 Linear Feature 195
111  25.26513154  051.57444401 53 101
115  25.26473739  051.57335842
120 Linear Feature 195
111  25.26314291  051.57281035 53 101
115  25.26352762  051.57390006
120 Linear Feature 195
111  25.26374910  051.57254049 53 101
115  25.26413382  051.57363021
120 Linear Feature 195
111  25.26435136  051.57226193 53 101
115  25.26473607  051.57335165
120 Linear Feature 195
111  25.26363357  051.57170213 53 101
115  25.26473968  051.57118968
120 Linear Feature 194
111  25.26337378  051.57093435 53 101
115  25.26446522  051.57044516
120 Linear Feature 193
111  25.26311398  051.57020835 53 101
115  25.26419974  051.56972460
120 Linear Feature 192
111  25.26284001  051.56944056 53 101
115  25.26391344  051.56894576
21  25.27090895  051.56138730 2 158.2000 3.00 16  PAPI-4L
21  25.24523278  051.57164643 2 338.2100 3.00 34  PAPI-4L
20  25.26591222  051.56588957 158.4800 0 4 {@L}D1{@@}D1{@Y,^r}D2
20  25.26580639  051.56528049 185.7100 0 4 {@L}C1{@@,@Y}D1{^lu,@L}C1{@Y,^ru}D2
20  25.26762276  051.56344297 248.5500 0 4 {@R}16{^l,@Y}TORA{@B}3056{@L}B1{@@}B1{@Y}EASTERN_APRON
20  25.26878740  051.56423659 162.4300 0 4 {@L}D1{@Y,^r}B1{@@,@L}D1
20  25.26761643  051.56471620 328.1300 0 4 {@Y}B1{^l,@L}D1{@@}D1
20  25.26383575  051.56684170 326.3100 0 4 {@L}D1{@@,@Y}P{^l,@L}D1{@Y,^ru}Z{^r}P
20  25.26691353  051.56155816 251.2700 0 4 {@L}B{@@,@Y}TORA{@B}3056{@R,^r}16
20  25.26726688  051.56140326 71.0000 0 4 {@R}34{^l,@Y}B1{^u,@L}B{@R,^r}16{@@,@Y}D{^l}T{^lu,@L}B{@Y,^r}D
20  25.25186295  051.57022738 66.9300 0 4 {@Y}Z{^l,@L}N{@Y,^r,no-entry,@@,@L}N{@R,^r}34
20  25.26231165  051.56358995 319.8600 0 4 {@Y}D{^ld,@L}C{@Y,^u}Y{^ru}D{@@,@L}C
20  25.26432829  051.56201931 152.0200 0 4 {@Y}C{^lu,@L}D{@Y,^r}Y{@@}T{^lu,@L}D
20  25.26760050  051.56050920 151.1100 0 4 {@Y}B{^l,@L}D{@Y,^ru}T{@@,@L}D
20  25.25823190  051.56817354 336.2600 0 4 {@L}Z{@Y,^r}Y{@@}Y{^l,@L}Z
20  25.27175966  051.55865194 343.6600 0 4 {@L}D{@Y,^r}A{@@,@L}D
20  25.27301347  051.55897829 247.8000 0 4 {@Y}D{^l,@L}A{@@}A{@R,^r}34
20  25.27384570  051.56018738 67.6700 0 4 {@L}R{@@}R
20  25.27448963  051.55978744 68.0300 0 4 {@L}S{@@}S
20  25.27639667  051.55898554 67.7100 0 4 {@L}U{@@}U
20  25.27122097  051.56126477 69.2300 0 4 {@L}Q{@@,@R}16{^l,@L}Q
20  25.24533797  051.57136001 258.7800 0 4 {@L}F{@Y,^r}D
20  25.24457034  051.57068104 153.0000 0 4 {@L}D{@Y,^u}G{@@,@L}D
20  25.24569449  051.57022189 153.4400 0 4 {@Y}F{^l,@L}D{@@}D
20  25.24772127  051.56929797 153.4400 0 4 {@Y}E2{^l,@L}D{@@}D
20  25.25147639  051.56762240 152.7200 0 4 {@Y,^l}E1{@L}D{@@}D
20  25.25123384  051.56848506 72.6500 0 4 {@R}34{@Y,^u}N{@@,@L}E1{@Y,^r}D
20  25.24724840  051.57029113 252.4300 0 4 {@L}E2{@Y,^r}D
20  25.24751358  051.56997015 73.8600 0 4 {@R}34{@Y,^u}M{@@,@L}E2
20  25.24189967  051.57237488 98.1300 0 4 {@L}G{@R}34{@Y,^ru}H{@L}MILITARY{@@}G
20  25.24551836  051.57079632 76.0400 0 4 {@R,^l}34{@Y,^u}L
20  25.26230167  051.56632576 332.8200 0 4 {@Y}P{^l,@L}Z{@Y,^ru}D1{^r}P{@@,@L}Z{@Y}MILITARY
20  25.26242246  051.56547074 245.4600 0 4 {@R}16{^l,@L}P{@Y}TORA{@B}2490{@@,@L}P{@Y,^r}Z
20  25.26297211  051.56578024 67.5200 0 4 {@Y}D1{^l,@L}P{@Y,^r}Z{@@,@L}P
20  25.26381649  051.56507934 1.0200 0 4 {@Y}D1{^lu,@L}C1{@Y,^r}D2{@@,@L}C1
20  25.26288117  051.56331747 135.0000 0 4 {@R}34{^ld,@L}C{@Y,^lu}P{@R,^ru}16{@@,@L}C{@Y,^ru}D
14  25.25854228  051.56234272 246.06 0 New Tower Viewpoint 33
1300  25.37384370  051.52099210   0.00 gate helos Doha City Tours
1301 E none 
1300  25.26232062  051.57463038 337.85 gate jets|turboprops|props BizJet ramp
1301 B general_aviation 
1300  25.27172632  051.55710683 248.40 gate jets|turboprops|props A3
1301 C airline 
1300  25.27050989  051.55765759 248.06 gate jets|turboprops|props A5
1301 C airline 
1300  25.27305883  051.55867187  64.54 gate heavy|jets Hold short 15
1301 E none 
1300  25.24170205  051.57223816 100.94 gate heavy|jets Hold short 33
1301 E none 
1300  25.24872358  051.57390312 246.04 gate helos|fighters Fighter ramp1
1301 A military 
1300  25.27376371  051.56138765 337.33 tie_down helos Hel ramp2
1301 A general_aviation 
1300  25.27512013  051.56299239 333.14 tie_down helos Hel ramp1
1301 A general_aviation 
1300  25.26990526  051.56527103  66.80 gate jets|turboprops|props E2
1301 C airline 
1300  25.26945909  051.56606042 249.89 gate jets|turboprops|props E8
1301 D airline 
1300  25.26588322  051.57106616 337.51 gate jets|turboprops|props E23 
1301 C airline 
1300  25.26125841  051.56180866 250.91 gate jets|turboprops|props A16
1301 C airline 
18  25.26142396  051.56607650 4 BCN
19  25.27819249  051.55893888 1 WS
19  25.24247727  051.57268197 1 WS
50 12645 ATIS
53 11827 GND
54 11865 TWR
54 11890 TWR
55 12110 APP
55 11940 APP
1200 
1201  25.26940374  051.55817869 both 0 N_stop
1201  25.26968103  051.55904276 both 1 N_stop
1201  25.26959072  051.55765998 both 2 N_stop
1201  25.27291943  051.55622324 both 3 N_stop
1201  25.27376968  051.55734193 both 4 N_stop
1201  25.25942647  051.56342428 both 5 N_stop
1201  25.26638158  051.56040608 both 6 N_start
1201  25.26209442  051.56763395 both 7 N_stop
1201  25.26365838  051.57197775 both 8 N_stop
1201  25.26444439  051.57161763 both 9 N_stop
1201  25.26302890  051.57386563 both 10 N_stop
1201  25.26649779  051.57203350 both 11 N_stop
1201  25.26492276  051.57286448 both 12 N_stop
1201  25.26496292  051.56803823 both 13 N_stop
1201  25.27118338  051.56593491 both 14 N_stop
1201  25.26811836  051.56728809 both 15 N_stop
1201  25.26781920  051.56649589 both 16 N_stop
1201  25.27062380  051.56432915 both 17 N_stop
1201  25.26609232  051.56754307 both 18 N_stop
1201  25.26754217  051.57163682 both 19 N_stop
1201  25.26840272  051.57124974 both 20 N_stop
1201  25.26660112  051.56603015 both 21 N_stop
1201  25.26519335  051.56658331 both 22 N_stop
1201  25.26556237  051.56761403 both 23 N_start
1201  25.27090728  051.56514080 both 24 New Service Truck Destination 414
1206 0 1 twoway  N
1206 2 0 twoway  N
1206 3 2 twoway  N
1206 4 3 twoway  N
1206 6 1 twoway  N
1206 1 4 twoway  N
1206 6 5 twoway  N
1206 8 7 twoway  N
1206 9 8 twoway  N
1206 12 9 twoway  N
1206 11 12 twoway  N
1206 12 10 twoway  N
1206 13 11 twoway  N
1206 23 13 twoway  N
1206 15 14 twoway  N
1206 16 15 twoway  N
1206 24 16 twoway  N
1206 17 24 twoway  N
1206 21 17 twoway  N
1206 18 23 twoway  N
1206 19 18 twoway  N
1206 20 19 twoway  N
1206 21 20 twoway  N
1206 22 21 twoway  N
1206 23 22 twoway  N
1400  25.26576375  51.56739800  336.50 gpu 0 New Service Truck 385
1400  25.26544973  51.56753478  340.19 gpu 0 New Service Truck 384
1400  25.26527278  51.56761328  158.66 gpu 0 New Service Truck 383
1400  25.26532236  51.56722980  336.93 fuel_liners 0 New Service Truck 382
1400  25.26532084  51.56719268  337.17 fuel_liners 0 New Service Truck 381
1400  25.26529261  51.56717075  338.43 fuel_jets 0 New Service Truck 380
1400  25.26516750  51.56732765  157.65 fuel_jets 0 New Service Truck 379
1400  25.26558292  51.56710312  337.89 food 0 New Service Truck 378
1400  25.26552507  51.56716358  336.91 food 0 New Service Truck 377
1400  25.26565094  51.56710616  337.72 food 0 New Service Truck 376
1400  25.26564143  51.56730541  338.27 baggage_train 5 New Service Truck 375
1400  25.26569453  51.56725075  337.96 baggage_train 5 New Service Truck 374
1400  25.26522786  51.56753125  159.26 baggage_train 5 New Service Truck 373
1400  25.26521667  51.56750248  158.03 baggage_train 4 New Service Truck 372
1400  25.26519951  51.56747928  157.88 baggage_train 4 New Service Truck 371
1400  25.26518229  51.56744945  158.38 baggage_train 4 New Service Truck 369
1400  25.26544751  51.56760186  338.06 baggage_loader 0 New Service Truck 368
1400  25.26528473  51.56767349  339.54 baggage_loader 0 New Service Truck 367
1400  25.26563673  51.56755725  338.57 baggage_loader 0 New Service Truck 366
1400  25.26569966  51.56752632  340.66 baggage_loader 0 New Service Truck 365
1400  25.26578930  51.56748836  337.22 baggage_loader 0 New Service Truck 364
1400  25.26660145  51.56037576  334.40 baggage_loader 0 New Service Truck 400
1400  25.26656025  51.56043448  337.85 baggage_loader 0 New Service Truck 399
1400  25.26666736  51.56038184  335.32 baggage_loader 0 New Service Truck 398
1400  25.26660024  51.56046178  337.69 baggage_train 5 New Service Truck 397
1400  25.26690234  51.56031601  337.26 baggage_train 5 New Service Truck 396
1400  25.26642958  51.56059343  158.20 fuel_liners 0 New Service Truck 395
1400  25.26647352  51.56062582  158.09 fuel_jets 0 New Service Truck 394
1400  25.26666584  51.56048175  155.56 food 0 New Service Truck 393
1400  25.26655522  51.56053743  158.84 food 0 New Service Truck 392
1400  25.26669559  51.56051719  339.44 food 0 New Service Truck 391
1400  25.26658961  51.56056786  337.50 food 0 New Service Truck 390
1400  25.26688433  51.56040199  158.46 pushback 0 New Service Truck 389
1400  25.26686602  51.56046071  336.46 pushback 0 New Service Truck 388
1400  25.26702676  51.56039002  337.29 gpu 0 New Service Truck 387
1400  25.26702280  51.56033462  336.89 gpu 0 New Service Truck 386
1400  25.26514588  51.56727092  157.58 pushback 0 New Service Truck 363
1400  25.26560699  51.56702598  337.13 pushback 0 New Service Truck 362
1401  25.26017676  51.56211300  19.80 baggage_loader|baggage_train|fuel_jets|fuel_liners|fuel_props|food|pushback New Service Truck Destination 402
1401  25.26530956  51.57549091  267.36 baggage_loader|baggage_train|fuel_jets|fuel_liners|fuel_props|food|pushback New Service Truck Destination 418
1401  25.26286805  51.57340579  66.18 baggage_loader|baggage_train|fuel_jets|fuel_liners|fuel_props|food|pushback New Service Truck Destination 417
1401  25.26845369  51.56599157  172.23 baggage_loader|baggage_train|fuel_jets|fuel_liners|fuel_props|food|pushback New Service Truck Destination 416
1401  25.26907693  51.56577518  318.81 baggage_loader|baggage_train|fuel_jets|fuel_liners|fuel_props|food|pushback New Service Truck Destination 415
1401  25.27090728  51.56514080  159.62 baggage_loader|baggage_train|fuel_jets|fuel_liners|fuel_props|food|pushback New Service Truck Destination 414
1401  25.26760646  51.56730688  241.39 baggage_loader|baggage_train|fuel_jets|fuel_liners|fuel_props|food|pushback New Service Truck Destination 413
1401  25.26779344  51.56714728  244.70 baggage_loader|baggage_train|fuel_jets|fuel_liners|fuel_props|food|pushback New Service Truck Destination 412
1401  25.26752774  51.56672652  68.20 baggage_loader|baggage_train|fuel_jets|fuel_liners|fuel_props|food|pushback New Service Truck Destination 411
1401  25.26735060  51.56620057  75.43 baggage_loader|baggage_train|fuel_jets|fuel_liners|fuel_props|food|pushback New Service Truck Destination 410
1401  25.27193015  51.55687709  71.01 baggage_loader|baggage_train|fuel_jets|fuel_liners|fuel_props|food|pushback New Service Truck Destination 409
1401  25.27081054  51.55725788  336.90 baggage_loader|baggage_train|fuel_jets|fuel_liners|fuel_props|food|pushback New Service Truck Destination 408
1401  25.27024021  51.55760512  72.76 baggage_loader|baggage_train|fuel_jets|fuel_liners|fuel_props|food|pushback New Service Truck Destination 407
1401  25.26554042  51.55841457  66.41 baggage_loader|baggage_train|fuel_jets|fuel_liners|fuel_props|food|pushback New Service Truck Destination 406
1401  25.26324734  51.56001371  243.02 baggage_loader|baggage_train|fuel_jets|fuel_liners|fuel_props|food|pushback New Service Truck Destination 404
1401  25.26102692  51.56172540  246.30 baggage_loader|baggage_train|fuel_jets|fuel_liners|fuel_props|food|pushback New Service Truck Destination 403
1401  25.25912890  51.56255378  302.57 baggage_loader|baggage_train|fuel_jets|fuel_liners|fuel_props|food|pushback New Service Truck Destination 401
99
